image_width: 1280
image_height: 720
camera_matrix:
    rows: 3
    cols: 3
    data: [980., 0., 640.,
           0., 980., 340.,
           0., 0., 1.]
distortion_coefficients:
    rows: 1
    cols: 5
    data: [
          0.10665226987244097, -0.18513339088853353, -0.003287648529371476,
          0.003938743559027508, 0.492228226965537
        ]

